raw_key_ascii= lntfvpus
key_index_xor_i_hex= 6c6f766572757374
effective_key_ascii= loverust
target_len= 19
target_hex= 18590728f4adc8c3b63f2d39ca34d18ef503b0
ksa_rounds= 256
ksa_first8 (i,key,key^66,S_i_before,j,S_j_before,S_i_after,S_j_after)= [(0, 108, 10, 0, 10, 10, 10, 0), (1, 111, 9, 1, 20, 20, 20, 1), (2, 118, 16, 2, 38, 38, 38, 2), (3, 101, 3, 3, 44, 44, 44, 3), (4, 114, 20, 4, 68, 68, 68, 4), (5, 117, 19, 5, 92, 92, 92, 5), (6, 115, 21, 6, 119, 119, 119, 6), (7, 116, 18, 7, 144, 144, 144, 7)]
prga_trace_columns=(pos,i,j,S_i_before_j,S_i_after_swap,S_j_after_swap,t,S[t],nibble_swap,mask,cipher,plain)
prga= (0, 1, 20, 20, 203, 20, 223, 7, 112, 113, 24, 102)
prga= (1, 2, 160, 140, 182, 140, 66, 51, 51, 52, 89, 108)
prga= (2, 3, 204, 44, 244, 44, 32, 102, 102, 103, 7, 97)
prga= (3, 4, 234, 30, 29, 30, 59, 243, 63, 64, 40, 103)
prga= (4, 5, 132, 154, 144, 154, 42, 120, 135, 136, 244, 123)
prga= (5, 6, 199, 67, 199, 67, 10, 57, 147, 148, 173, 56)
prga= (6, 7, 128, 185, 100, 185, 29, 90, 165, 166, 200, 97)
prga= (7, 8, 239, 111, 58, 111, 169, 47, 242, 243, 195, 49)
prga= (8, 9, 39, 56, 241, 56, 41, 93, 213, 214, 182, 99)
prga= (9, 10, 96, 57, 255, 57, 56, 176, 11, 12, 63, 50)
prga= (10, 11, 200, 104, 180, 104, 28, 196, 76, 77, 45, 97)
prga= (11, 12, 7, 63, 100, 63, 163, 224, 14, 15, 57, 55)
prga= (12, 13, 25, 18, 133, 18, 151, 159, 249, 250, 202, 51)
prga= (13, 14, 79, 54, 205, 54, 3, 244, 79, 80, 52, 99)
prga= (14, 15, 165, 86, 148, 86, 234, 30, 225, 226, 209, 50)
prga= (15, 16, 21, 112, 96, 112, 208, 59, 179, 180, 142, 57)
prga= (16, 17, 70, 49, 91, 49, 140, 89, 149, 150, 245, 98)
prga= (17, 18, 42, 228, 120, 228, 92, 242, 47, 48, 3, 50)
prga= (18, 19, 102, 60, 200, 60, 4, 29, 209, 210, 176, 125)
candidate_hex= 666c61677b386131633261373363323962327d
candidate_ascii= flag{8a1c2a73c29b2}
roundtrip_hex= 18590728f4adc8c3b63f2d39ca34d18ef503b0
roundtrip_match= True
