611087032
4267574174
3869638299
2717172010
1191351257
2186835465
2057845782
3741665255
2904712262
840955614
2862834900
1432155910
2043218502
2892390546
365698505
1709460803
3541529213
2770960940
3380499638
408923886
1105313678
2332924543
3068488270
2342213344
1038353426
3069355269
2331042618
3369230525
1776845069
2368346390
1163698948
1823874834
3751605019
2023662299
3480859388
2649408894
3394918499
2515952485
520438304
2719271959
2252742477
3729586116
748715707
2681994275
1332747976
1439256222
701707039
3247850692
2182492312
3670815282
4282538093
948758770
712542168
51677889
670147367
3700694655
2271140160
3006216764
1988094372
780704716
3052322788
588453607
2084344615
2046949528
2933024609
2497148249
369450332
2058567880
1066188506
2132832864
743570981
899670581
2094095689
3604998464
182609533
3440303470
3097226249
3141050390
1412413369
1640829601
2853366228
1179597600
3556715881
3002021991
2816548768
1016122898
2537476898
832505142
2857162003
3811162799
3493328448
4266192315
1553640015
1182850753
195739928
2975496084
2809554817
3541728674
603863525
215035307
3455527342
1402564990
1437139771
78545979
1543045028
61013046
1658065859
3733424727
2727181540
15022764
2752356052
2323846735
1194056976
1285369814
3582444242
2013947247
978610705
1787649696
2785828342
3000137020
1595132040
3892428124
60373533
3435047486
2264286640
2939047119
1885109001
2620867851
689388900
2989150499
704030514
4287688175
1074878127
1932165654
3640571126
2297193212
3344278874
3725221165
1492751263
238035279
2651235165
1270364282
3453942868
3179118338
3993033910
4121755283
1316571229
3584369207
3836017371
1410883254
4049788340
4170587511
1958633723
3660329237
1523129331
111871018
183413660
2326554924
426324754
2332319208
439034847
1550479308
4253515108
650075694
636535325
3798637299
2321509948
439452743
3118927901
1700644276
3159377608
1127105183
1920649554
2994659953
4000223351
2397413659
438385466
2450114699
428121653
1874627885
194958710
426393944
1813254681
3604257801
888402095
3914280001
3333561450
3321293530
721765171
949024951
1864464704
1456616905
2907005620
1457704135
40601852
2784763786
1420669486
3057621267
1039337694
1462852856
1810287470
2181635891
1514992150
2204448322
286140432
2104438829
83904344
2462332876
4072021833
185963346
3046132575
1076880294
2101946282
1225147294
2405439868
1971915972
2142537317
3543370463
239534233
1368402405
3543305817
2024440329
1688119196
2437823514
2119051576
295323633
4077383532
3849531515
4176494418
3575672821
539172116
3926710724
3083537624
2280444655
708757820
1735766201
12690023
1850397364
2320752899
714816587
2163920012
2080391376
3602782643
2245527719
3228254981
1088172012
2742750171
731953172
3132306886
3853291281
1210338427
1932574732
3089116196
899252550
4278551341
1900971552
539511323
2414978291
1489038620
3053279657
1416501642
3413435965
1249561675
4185935529
3202205850
1877259112
129767984
3290547292
2091969001
2101929928
3169062788
212931508
1350136398
895281741
1509560227
2636597449
2032846381
3896815760
2600779594
2242214941
3014980151
3133370418
491165980
4181072972
1084182950
2191031178
556446844
3785534546
2764450760
2486261772
3298439754
3783615438
597041054
3967553170
3198320180
1979796640
1353648785
3870997227
2622282798
766916875
3645739229
2353755909
190068314
1962189619
2221534927
2250573617
573441148
800853086
4243999605
2548095197
2853325524
2204557555
3884439965
3277744193
3787006043
600835183
2175704492
1157608467
21360583
554567475
4197451282
2426834335
1378562138
1490239528
4056579012
1946842256
2036806368
1088237066
1046798744
953677737
993255972
3317762424
3694479342
2824484227
3456814189
4033875610
380392692
2992978728
2181526955
1808803065
3061612625
2263927783
1441941203
2319655796
4262534477
1560628675
901306506
2830954244
1530913772
1985379873
3267087455
2367337134
1449985233
3706795932
2370955976
1774458851
1578307318
1734025593
692390441
1225924762
3332120482
3235947463
3891698763
1219678217
3924758235
2567664465
3037530920
802606505
1634609041
3925808630
2620044245
605990357
1273069850
2794478997
754714501
1358174641
1857604692
2774497981
1871096349
256007558
1554183615
3306870576
1884859431
4270397595
3715785713
1260667695
1097368850
3109495938
3741757000
599059203
2089953553
474481340
2922073179
404117483
4269813317
2779043694
2271473358
2437498345
167526441
2778727284
3747572530
3626931755
1541876310
3209170034
3769236210
2015833972
1744996439
2074240912
3161381100
1755875063
2629750349
2489567239
3339930632
326283375
938739695
2076307992
642860174
1310503129
3585955075
3533018712
3378518380
3391232891
682157493
2461804558
3772933372
2818793509
3121515297
2559059351
1345220558
3086073683
4215550969
3372351226
2443856195
4147452689
2055422661
2361813352
1079534406
1596910787
3598964155
2363571751
3870611882
3397681687
2516977982
2745621250
3588944827
702667375
3936477302
1317458422
1759654594
2456179797
2116606000
3289146489
971254183
3769758852
336167297
1908001632
1858289306
3501292983
1702890710
3318284950
1216110441
2250064302
3709822473
927724363
4244795785
2112781291
2920851674
3560434150
2998361980
357039018
1631305974
2629879760
3328449411
3971576020
3388104789
2481870759
2754675564
490254203
3819684830
2469114475
2113141304
1911492529
2726704747
2513604603
3507048717
2260886632
73895374
2791306571
2018671884
1979161468
1285786495
651675364
2952333685
1406744707
1973398545
2830069721
3955506304
3611895566
3014685234
1681998342
3696160753
3013313222
1940274632
3337891136
2562349067
2400519882
2282744769
2564323458
2526639468
3657422140
3027168203
111111726
3950211149
682639157
1050671067
2029103002
1521044792
2799417970
3585184385
1031796815
590567372
407781937
3610510583
1111167342
3270520814
3217210101
1043072448
3047827211
2049968433
794647791
2206130171
2996460834
1450404445
693018460
270774535
2312473261
2890145287
4121196823
1541073765
1109719349
528044616
3224568755
3860870806
4120701197
3931292520
2524080789
1050070180
3508307643
3911879796
3998439355
117135618
338389749
1130748405
238821843
401705267
913126707
3469887374
715089108
3225897378
1186450189
713788080
552605641
3594763645
942311414
2578420463
4057658678
529568051
2979230084
3194915899
3296840864
2741306750
2881705670
3537270565
182822436
474763962
3222254541
3237757922
3346437128
2985574734
2443415819
3707268372
1529556228
4141488475
2727712857
807594519
2305760987
2845540144
159287194
3879551741
4247962401
1085225801
1527559589
30718038
1476715579
4286890997
1152119490
511711777
2893722673
910799658
356466883
2081988009
1676038436
2650121248
1417665902
1146711241
3366759121
2011944916
1319079370
581558595
482945853
2743781671
1753654610
670284748
2940884236
3127089437
3080181955
3674498320
1355142705
621480422
4009752632
3974705034
1900863860
3920603986
3945758924
b0fdbdf384e1f39b967d9990bc816f610c5ff325c1e508eadd9a9b7a91c8f121eea92b23fabce9ac38790d28abfda612
